26 12 22 23 7 24 1 2 5 2 24 22 4 15 7 24 17 15 4 30 7 15 17 14 14 17 10 10 11 9 9 23 24 14 29 2 11 17 5 23 26 30 17 30 7 23 26 30 12 2 17 1 14 29 15 26 
22 13 25 18 11 25 9 10 4 30 4 20 20 16 16 4 9 6 15 20 10 30 8 18 25 24 11 24 10 20 25 20 10 18 7 20 8 16 10 15 11 18 13 27 16 10 22 7 4 30 11 10 6 30 27 10 
30 19 16 25 25 10 16 4 8 19 27 30 18 27 26 8 24 2 29 22 30 4 2 8 18 29 24 24 26 23 10 13 18 4 18 23 9 18 26 22 13 26 2 8 4 8 27 24 18 9 8 27 18 2 18 30 
14 30 28 3 28 20 1 4 8 14 4 15 8 13 9 28 3 15 8 12 16 4 20 1 13 9 9 28 16 28 27 26 28 24 4 26 5 5 16 27 4 24 7 7 10 16 10 8 15 12 16 9 16 30 15 4 
30 4 4 18 23 16 27 12 14 1 13 1 14 14 26 30 23 13 18 17 26 6 13 13 1 13 19 26 8 1 29 15 3 19 18 13 27 17 7 3 12 1 14 26 16 13 18 6 4 7 15 13 8 1 4 29 
14 29 7 19 26 5 30 3 27 5 3 5 30 14 27 26 7 13 5 7 9 5 13 29 26 7 27 5 5 23 14 19 1 1 15 18 30 9 18 29 14 29 7 3 3 7 21 23 26 15 27 30 21 14 5 14 
15 19 22 27 19 28 25 19 9 30 28 7 12 13 18 21 16 6 22 30 19 13 7 19 6 27 16 12 24 7 19 15 7 30 27 19 9 25 12 27 19 27 12 27 6 21 6 24 16 30 17 7 7 17 18 16 
17 14 7 11 28 25 15 7 11 14 26 20 30 7 5 1 20 25 24 26 7 30 1 8 26 24 5 6 6 20 7 26 26 28 7 7 30 12 6 26 26 26 7 15 20 8 17 15 6 14 30 6 14 12 6 15 
11 2 6 1 22 15 1 1 22 28 16 18 20 12 9 26 7 12 23 14 1 20 16 22 20 15 7 26 6 18 28 26 9 6 7 14 30 6 23 15 2 1 22 26 30 6 1 2 22 11 15 6 2 7 22 20 
20 21 9 11 9 12 9 21 21 7 8 9 19 14 18 12 18 7 17 7 10 26 1 9 10 2 9 12 20 17 18 2 11 9 14 8 9 19 26 11 17 14 11 11 1 14 11 11 11 21 7 12 17 29 29 18 
21 24 15 4 29 21 4 11 6 22 29 24 29 21 27 8 16 11 6 16 29 3 8 11 8 16 15 27 19 27 2 22 16 21 4 25 4 10 16 8 26 19 27 26 12 10 27 3 27 11 16 2 25 12 10 10 
20 5 19 13 13 2 14 19 19 22 6 23 28 19 1 12 6 22 6 28 6 23 6 1 23 22 30 12 22 26 2 27 22 30 23 1 6 5 22 30 22 29 30 24 27 21 29 19 19 24 26 21 14 22 1 20 
18 14 19 29 4 22 24 12 29 8 24 7 22 30 14 29 17 12 22 4 8 30 19 7 24 15 24 11 27 22 19 18 7 29 16 24 7 15 26 16 17 27 15 10 26 14 22 19 27 22 27 15 10 14 24 11 
26 25 17 6 6 26 29 15 15 20 25 9 7 6 15 7 9 3 30 3 17 6 17 26 3 12 12 3 14 16 7 7 15 30 8 17 1 20 14 6 29 12 6 27 21 6 9 21 16 6 27 26 1 8 12 9 
17 1 9 19 20 21 19 5 20 14 8 9 14 9 9 11 1 21 26 18 10 13 5 4 11 13 15 30 21 19 20 4 28 14 8 1 26 5 20 9 10 16 5 19 30 24 28 14 24 1 15 9 17 16 21 18 
14 5 30 28 3 28 13 8 28 16 19 8 19 28 28 28 16 22 6 2 14 2 28 28 25 5 22 10 28 25 28 19 17 28 19 17 23 25 28 6 25 6 28 10 12 17 17 25 12 23 30 6 3 13 28 25 
29 18 28 10 10 11 26 20 20 4 11 21 18 10 23 11 25 21 18 11 16 6 9 26 26 23 23 15 17 4 3 25 23 3 6 20 25 4 9 10 28 4 15 18 4 4 20 26 7 29 26 16 17 7 25 26 
21 11 19 14 19 23 19 20 17 19 1 22 4 22 20 13 3 22 19 11 30 30 30 3 23 22 20 4 15 20 3 15 29 30 26 23 13 29 23 8 17 4 8 19 5 14 5 21 4 19 19 1 5 5 3 26 
23 20 25 7 2 4 17 30 27 30 6 17 30 22 23 11 30 5 14 2 15 11 15 15 15 22 4 3 25 27 19 5 14 15 19 30 11 5 5 19 28 4 4 19 6 3 30 11 7 20 25 30 30 28 15 25 
22 1 9 12 24 11 20 22 20 25 20 25 16 9 24 6 9 10 21 17 18 15 5 6 16 3 15 24 9 15 25 12 15 17 9 1 9 17 21 5 18 19 20 30 25 3 19 12 11 30 12 17 10 9 24 9 
9 9 18 14 9 30 14 7 7 9 3 17 26 20 13 23 13 18 14 27 11 8 20 23 17 6 15 11 20 19 11 5 5 30 14 20 1 9 19 8 26 19 11 1 3 27 11 1 9 1 11 19 15 15 6 15 
29 7 7 16 25 17 7 16 18 26 7 13 22 23 1 15 26 25 15 1 29 6 20 13 20 23 18 20 18 16 7 19 3 4 3 13 16 7 15 15 4 27 17 19 13 1 15 1 22 27 20 15 18 6 26 26 
24 24 15 24 10 27 27 16 25 22 3 18 16 26 24 26 29 16 16 16 22 29 10 28 5 23 23 25 20 29 26 24 16 15 26 25 6 6 28 20 18 11 3 29 5 24 25 18 18 16 16 24 3 11 24 3 
6 16 12 26 17 1 23 19 5 25 17 19 30 28 14 13 12 12 13 14 14 11 16 23 18 12 14 24 12 12 18 24 12 1 30 20 25 11 12 11 18 25 1 6 11 25 19 26 21 1 20 19 28 18 21 5 
24 28 24 28 1 30 8 19 28 15 27 5 19 21 4 18 26 2 26 21 12 26 4 2 15 27 29 19 28 19 30 2 19 14 19 8 26 27 13 28 26 5 26 14 13 14 28 8 1 14 2 27 18 8 29 12 
21 19 12 21 25 26 12 3 20 12 29 12 28 12 6 27 28 17 28 26 7 11 26 11 12 6 28 12 17 25 21 20 12 24 3 19 29 29 6 13 17 2 5 26 13 5 2 21 12 29 27 24 6 12 17 7 
21 23 13 20 22 20 3 27 12 23 23 5 2 14 10 4 18 1 16 4 24 15 3 5 1 1 1 15 16 24 3 2 18 21 22 13 1 12 4 23 3 3 1 3 23 23 24 23 14 10 23 3 3 24 4 27 
6 9 23 30 9 28 22 21 7 12 25 26 25 12 16 23 20 19 26 25 4 17 24 22 1 25 27 9 24 20 21 23 30 21 17 10 9 20 6 21 29 4 10 4 23 16 1 7 28 28 27 20 28 29 4 19 
5 30 8 15 8 16 15 25 25 4 15 28 26 13 28 26 5 24 19 8 22 13 22 17 2 5 13 15 15 27 19 13 5 6 30 8 2 17 8 4 16 30 5 3 24 27 3 6 2 15 5 2 30 13 8 13 
7 16 20 18 17 6 25 26 2 16 18 2 4 21 20 22 22 22 12 26 1 22 21 9 19 1 30 16 6 16 9 21 17 19 1 24 4 11 27 30 11 1 27 24 30 30 21 20 2 7 2 1 1 20 25 12 
15 25 25 16 4 23 23 3 11 27 21 25 3 19 24 24 11 24 13 16 27 18 25 3 7 24 29 29 3 2 13 20 17 16 2 12 15 17 19 6 6 16 22 19 12 19 22 19 19 4 21 7 19 20 18 19 
2 29 15 5 7 15 10 11 17 9 2 2 24 17 16 29 9 19 18 9 25 11 15 17 27 15 2 27 3 9 10 25 2 20 1 19 10 7 4 9 10 16 20 5 16 17 16 1 4 18 25 25 24 9 2 3 
19 12 15 18 26 1 6 1 4 13 4 2 26 2 16 12 26 12 5 29 14 15 29 16 6 7 1 1 20 7 7 29 11 14 26 26 11 21 11 3 26 18 17 6 20 13 11 7 6 21 3 19 17 12 29 5 
9 29 15 30 21 30 9 9 7 2 23 21 7 30 25 15 30 21 10 30 5 7 7 8 25 4 1 21 22 28 27 28 29 21 12 10 22 27 30 15 18 12 1 4 9 21 25 15 5 20 20 25 18 2 23 8 
27 7 19 17 7 13 23 8 21 10 29 10 13 28 28 17 21 17 13 16 13 23 8 12 11 29 24 21 16 19 24 11 26 11 9 21 8 8 23 7 8 8 1 23 9 27 12 1 7 1 23 17 11 23 26 1 
8 22 30 14 26 20 27 15 8 22 13 26 22 22 22 6 20 9 6 5 2 2 22 24 13 6 15 13 9 13 2 12 13 28 3 15 30 23 30 28 12 13 14 6 5 2 23 15 15 15 27 30 20 20 24 3 
9 11 11 4 28 26 13 9 24 27 26 4 14 6 4 15 25 21 26 25 4 11 8 3 13 1 26 1 21 11 25 25 30 20 26 13 8 30 14 15 27 15 26 23 28 6 20 26 23 24 13 15 3 6 26 6 
9 20 11 5 24 11 23 5 23 13 2 2 30 19 29 23 9 14 5 15 5 1 14 19 10 2 20 17 2 13 5 24 13 10 7 29 7 30 1 23 3 4 19 19 4 17 5 13 17 17 26 3 15 7 26 7 
3 16 16 20 11 12 23 5 7 2 26 12 2 19 19 16 10 10 26 20 13 3 5 20 8 10 3 13 11 21 16 5 3 19 3 20 30 15 8 8 8 30 23 19 2 17 15 15 5 7 3 21 10 17 15 2 
7 22 8 8 6 8 15 9 17 22 1 1 28 23 17 22 1 9 26 22 10 14 28 22 7 15 26 13 5 27 6 3 10 26 26 3 9 13 27 5 2 26 7 28 9 17 22 1 7 14 26 28 23 17 8 2 
29 5 5 13 8 24 5 5 8 29 5 16 8 4 26 16 3 26 11 7 14 16 30 7 4 4 16 26 8 17 29 11 22 17 26 5 13 26 21 14 8 15 30 29 3 21 12 12 4 26 8 22 29 24 15 29 
9 6 20 1 5 19 27 27 1 20 20 5 1 11 21 9 6 1 20 5 3 27 19 9 3 9 21 5 5 5 28 6 9 5 28 27 9 1 3 27 5 27 27 28 2 6 2 26 3 9 26 1 9 27 28 11 
17 11 10 18 10 14 15 19 23 5 17 22 14 1 5 25 3 25 16 14 27 11 10 26 5 3 17 9 16 19 12 25 25 17 26 10 15 19 14 12 27 8 17 17 8 15 5 15 19 1 3 18 9 23 22 3 
22 22 11 10 18 22 3 22 9 10 21 2 21 29 18 29 25 28 28 13 20 20 20 25 3 14 22 7 13 26 14 23 14 9 8 26 10 11 14 14 18 7 20 13 8 23 14 2 24 24 22 10 2 2 13 18 
17 26 22 26 7 29 6 26 22 27 30 28 7 25 18 28 25 14 23 6 4 30 19 17 5 7 18 29 5 14 11 7 29 5 1 22 14 26 26 14 24 19 5 24 14 11 26 22 23 29 14 1 12 4 12 27 
24 3 24 19 21 26 4 17 15 4 28 30 25 7 7 21 14 19 22 4 24 10 4 5 29 22 29 3 21 17 5 14 3 10 16 11 16 21 20 15 10 18 30 25 16 28 16 20 11 24 10 18 3 22 26 22 
18 2 26 29 21 29 29 1 29 21 8 14 16 10 29 27 18 29 10 29 1 27 6 2 21 13 4 29 9 9 10 16 16 2 2 4 2 10 8 21 11 1 26 1 29 6 14 11 4 13 2 9 16 9 29 4 
4 29 22 26 23 6 8 25 21 18 15 18 18 29 6 16 18 6 13 7 13 7 25 21 7 24 8 26 27 23 23 27 23 11 21 15 21 30 15 16 18 16 7 22 16 6 24 11 18 30 22 4 6 6 22 15 
15 1 4 4 21 21 13 29 18 17 26 4 10 29 9 21 7 27 28 13 16 18 18 28 1 26 22 22 10 5 27 24 23 1 3 15 9 23 25 25 1 17 25 24 21 13 3 7 19 13 4 19 16 25 5 18 
15 23 23 23 15 17 21 28 18 4 8 4 27 26 28 17 18 22 3 24 7 19 26 30 2 28 22 22 22 15 21 18 22 19 27 30 23 28 17 24 18 18 8 18 14 22 15 19 17 5 14 19 7 2 5 3 
9 29 17 17 17 1 1 15 7 20 8 7 12 19 17 29 8 27 4 25 25 1 20 30 16 15 19 19 9 20 1 15 19 20 26 12 15 30 25 25 26 29 4 10 1 19 16 1 27 29 19 17 17 25 10 25 
27 19 6 20 30 4 7 11 5 19 22 18 7 26 20 26 6 20 19 17 6 11 7 27 8 7 1 26 22 26 20 8 6 4 29 4 30 29 20 18 29 19 6 20 6 5 29 26 19 8 4 17 8 19 26 1 
29 24 24 23 3 1 23 24 6 1 13 8 12 24 30 20 16 15 16 21 1 20 21 5 21 24 24 29 22 16 5 6 6 12 1 5 5 4 13 3 5 22 12 29 15 6 29 30 21 8 5 17 17 4 16 12 
26 13 13 17 5 20 25 29 23 5 26 24 8 13 14 2 13 13 14 7 10 19 30 23 1 5 23 5 20 13 18 25 29 2 23 13 26 4 14 1 10 8 14 4 18 19 18 17 24 26 18 18 18 30 13 7 
17 12 15 30 5 18 1 24 23 17 15 5 15 18 21 22 30 30 29 30 7 23 21 22 15 5 7 21 24 26 19 16 29 29 30 12 17 1 7 19 21 26 7 30 5 17 12 25 25 16 25 23 29 12 25 23 
5 29 2 25 11 25 3 19 9 11 24 20 2 9 19 30 20 2 21 8 20 4 8 12 18 8 5 24 20 21 4 4 29 29 30 20 18 29 11 23 23 20 2 11 18 11 12 8 18 14 3 21 4 21 14 11 
11 20 5 10 7 5 6 11 20 10 22 1 1 6 22 28 25 25 25 29 10 26 4 23 17 2 26 17 25 5 28 29 20 2 26 4 25 1 7 29 17 20 20 26 5 10 20 10 29 29 10 1 29 23 25 17 
6 26 28 4 2 12 12 26 28 9 26 23 6 24 24 9 21 24 23 11 14 6 10 14 8 10 3 14 18 3 14 8 5 14 4 14 6 21 26 4 2 11 14 16 15 15 18 4 5 18 16 4 24 4 14 18 
25 8 6 4 25 23 11 28 6 16 11 29 20 4 5 3 27 11 13 13 2 25 2 11 29 24 2 4 25 24 10 4 28 8 25 15 23 5 16 10 20 2 10 29 14 14 29 5 15 10 27 11 11 5 25 3 
15 1 24 23 5 1 15 7 5 10 20 21 28 9 28 28 13 23 1 21 9 9 2 21 5 22 21 29 10 30 16 19 20 2 29 21 1 25 25 22 5 16 23 7 19 30 21 13 2 5 2 28 5 9 24 23 
25 21 28 27 25 8 18 25 23 23 10 21 8 23 12 28 9 20 4 7 8 1 27 10 4 16 5 2 2 19 24 4 16 25 8 1 14 10 5 18 10 23 8 24 21 20 8 4 20 21 7 20 14 9 12 19 
9 27 3 16 2 25 25 23 3 25 17 11 12 18 9 27 18 19 18 21 30 19 21 29 3 25 15 19 22 16 30 2 11 30 2 23 18 8 18 17 2 27 30 15 4 27 8 29 19 3 22 4 3 18 12 3 
18 4 19 9 14 16 22 2 7 18 13 19 21 14 10 13 13 23 28 13 7 23 27 13 27 14 26 27 18 22 10 26 20 14 7 17 13 10 28 17 26 16 9 7 26 26 27 10 18 21 19 2 20 26 19 4 
21 24 21 28 6 6 12 13 26 11 29 25 2 23 21 26 5 23 21 17 6 25 11 11 2 11 12 10 30 4 25 5 23 19 24 11 21 12 18 17 6 21 23 18 12 11 29 4 13 30 10 25 19 18 28 18 
19 10 11 22 16 7 10 10 15 28 9 25 10 28 20 1 11 9 22 24 8 7 22 1 14 21 18 10 22 21 10 22 22 19 8 8 19 18 25 21 16 19 21 23 15 22 10 23 22 14 2 24 2 10 20 8 
16 19 13 20 15 3 4 9 9 15 21 14 28 4 30 8 22 15 5 14 15 4 28 19 4 29 8 13 28 17 2 17 25 14 20 2 16 9 13 4 28 15 14 19 30 4 5 25 29 21 3 9 15 13 22 19 
25 2 25 26 22 16 4 5 25 25 6 9 19 23 18 3 26 3 30 1 5 17 19 14 25 13 13 23 25 16 26 1 26 14 9 22 2 23 6 20 25 23 18 25 3 17 17 27 14 3 30 4 17 27 20 14 
18 7 12 13 20 6 7 24 3 22 24 15 7 20 5 22 30 7 21 22 27 22 19 18 3 24 5 3 5 25 30 3 24 19 1 27 24 15 1 21 3 3 5 24 16 20 3 20 12 22 16 25 3 22 6 13 
28 25 16 14 7 24 8 16 14 28 10 18 23 16 14 29 8 5 16 16 1 18 25 1 13 6 5 29 23 5 5 29 23 25 26 16 23 3 29 7 13 25 24 6 28 29 9 28 26 29 23 10 9 14 3 23 
16 29 23 2 16 12 18 7 29 7 12 4 10 7 18 22 18 8 2 23 16 2 21 2 18 15 10 21 23 7 22 10 18 7 14 2 4 14 15 17 17 15 21 16 7 8 12 2 12 18 2 10 2 23 15 21 
22 28 13 22 13 28 5 28 8 10 23 7 18 28 27 19 10 6 13 13 22 28 15 7 28 19 5 15 27 22 19 19 23 20 14 27 5 29 19 5 19 22 8 23 6 14 28 14 23 20 18 14 29 22 27 28 
16 12 24 20 20 20 29 1 29 7 7 30 29 3 15 4 30 5 12 16 24 21 1 19 19 24 29 4 13 13 20 26 3 26 20 7 26 29 9 29 26 21 30 26 5 24 12 15 30 16 26 12 20 9 7 16 
5 11 18 15 20 22 29 9 1 23 18 15 25 21 23 29 12 27 26 11 11 1 2 15 23 12 26 16 12 12 25 29 5 12 21 29 23 6 2 27 11 28 25 11 20 12 22 11 18 28 25 18 6 9 15 16 
10 23 10 7 12 11 23 7 14 30 7 19 11 7 25 7 28 8 1 14 9 29 22 14 18 10 19 25 8 16 10 23 2 28 16 12 12 22 9 25 28 18 11 29 11 7 7 1 30 23 12 25 28 14 2 7 
4 24 15 26 22 28 16 10 22 26 20 4 19 30 10 30 4 30 4 10 4 19 23 16 25 13 4 30 28 4 16 10 20 10 22 5 10 19 15 23 25 19 22 4 14 16 27 27 2 15 14 15 13 2 5 24 
29 10 6 21 21 23 23 7 21 25 18 28 21 18 28 16 16 23 17 25 11 24 23 6 26 13 29 26 13 26 11 16 28 16 1 18 17 27 7 11 28 20 11 27 20 28 18 10 28 13 24 15 26 15 1 13 
17 17 7 26 21 24 24 16 12 21 25 3 8 11 15 7 4 17 4 26 21 17 11 19 15 4 19 26 21 12 8 2 1 2 25 5 30 21 11 11 5 4 1 18 16 18 7 3 26 17 7 21 21 30 17 21 
15 23 7 1 17 23 4 15 10 9 4 23 17 4 21 12 17 8 17 21 10 13 8 9 23 2 10 4 1 9 18 7 8 30 22 8 7 10 16 10 10 13 9 11 22 17 11 30 2 7 23 16 12 18 23 17 
19 14 10 3 2 9 16 11 29 8 22 22 27 30 9 9 4 30 15 15 2 5 22 11 19 2 9 9 23 11 3 16 2 5 5 15 2 8 15 3 19 23 5 29 10 14 19 27 4 22 2 2 9 11 2 3 
5 21 5 13 9 3 7 18 30 22 14 18 18 22 14 27 21 21 16 16 8 4 4 4 19 3 4 7 29 9 9 2 9 6 21 13 4 2 30 9 23 27 19 4 29 30 5 5 8 18 18 23 9 6 30 18 
3 30 10 4 25 20 4 8 30 8 28 19 17 18 14 3 27 11 15 25 2 15 4 30 14 17 1 1 23 27 22 3 27 27 18 23 14 6 6 30 4 14 23 30 19 30 3 20 28 10 23 22 2 11 3 3 
1 17 17 29 8 24 3 1 12 19 21 3 17 11 17 19 17 24 24 23 20 12 1 23 30 7 17 24 22 15 29 7 11 17 15 1 22 15 8 21 19 17 19 16 6 6 16 15 7 1 30 18 20 18 7 1 
11 21 26 6 8 19 26 8 13 25 27 26 28 27 23 19 27 9 22 25 7 23 19 2 11 26 10 10 16 19 16 24 27 13 11 26 21 26 22 30 23 24 30 28 23 27 8 30 30 2 6 7 9 27 11 8 
26 10 19 11 17 21 5 19 22 17 26 18 11 22 10 18 25 6 29 5 20 1 10 21 25 13 22 18 20 22 22 26 22 1 29 21 10 25 13 21 21 21 5 14 6 14 21 30 21 26 5 30 20 25 18 20 
20 27 20 27 8 13 11 11 3 21 13 28 30 11 13 11 30 27 5 26 26 13 5 14 27 23 8 23 5 11 28 28 12 12 18 11 21 3 2 5 24 19 16 19 18 2 28 28 3 24 16 14 27 28 27 3 
3 5 28 28 29 7 12 28 5 11 12 12 3 3 23 24 3 15 28 26 12 10 10 10 3 23 5 5 15 6 15 29 7 12 6 6 24 28 1 10 15 26 12 12 3 28 12 11 10 7 6 7 15 10 15 1 
27 15 22 15 2 26 2 26 21 8 4 23 19 12 21 3 9 2 12 11 23 22 15 27 15 9 1 30 15 1 8 27 1 23 12 11 1 22 23 19 2 12 3 22 8 27 21 26 8 11 21 11 4 15 30 26 
17 11 8 28 11 22 26 18 22 3 28 10 16 6 11 4 19 25 29 26 5 8 5 15 19 25 5 26 24 18 22 18 19 8 3 29 5 24 8 5 28 27 15 5 18 22 16 6 10 28 27 19 26 17 11 4 
19 27 7 12 4 7 7 4 19 22 30 28 19 28 21 26 15 15 5 15 28 28 13 27 30 28 1 15 4 4 26 7 13 26 15 26 13 20 15 22 15 15 19 1 12 15 26 20 15 5 13 27 26 21 27 28 
10 5 19 25 7 13 15 15 25 24 3 6 23 5 4 13 13 15 16 7 9 13 8 25 30 12 17 15 13 4 8 3 19 17 6 16 4 14 8 13 19 13 14 30 25 9 10 13 23 4 12 8 19 24 12 12 
22 2 7 28 2 5 2 4 20 1 24 14 22 4 18 5 30 10 27 17 22 4 22 1 10 27 11 16 24 28 8 10 17 14 26 18 11 26 30 11 16 20 15 11 4 24 15 30 10 24 7 2 30 8 22 22 
5 12 19 28 24 5 13 12 28 5 11 11 24 8 26 25 5 18 6 6 11 5 15 26 13 6 13 9 19 9 24 6 24 9 28 8 4 5 24 5 13 3 24 15 3 25 24 9 4 25 24 5 25 28 11 18 
27 27 1 11 24 27 16 3 1 14 15 27 15 2 25 1 27 28 24 22 3 27 26 24 14 29 3 11 28 25 29 14 16 3 20 26 17 17 14 1 25 24 9 20 25 2 9 22 24 30 30 26 16 24 16 26 
10 10 30 11 19 13 30 12 23 30 28 23 28 5 28 14 21 11 5 7 5 5 21 12 3 11 12 30 7 9 26 5 11 7 11 11 13 7 5 12 11 30 26 3 30 29 28 29 19 13 12 13 14 11 12 9 
19 20 13 8 17 30 15 15 21 18 18 18 2 14 10 8 13 12 13 14 30 16 14 13 2 26 20 14 23 17 14 6 17 6 15 17 26 15 23 5 10 19 6 26 16 17 5 21 30 6 18 14 26 30 17 12 
8 20 13 11 13 14 13 24 14 6 16 30 30 18 11 16 13 5 20 6 30 9 10 8 8 30 20 30 9 13 27 20 16 5 20 27 20 13 14 19 18 19 20 2 10 30 14 8 10 16 2 24 14 14 10 20 
5 4 16 7 27 13 21 21 30 24 2 7 13 21 16 11 4 9 5 5 4 30 11 29 16 12 27 9 16 21 21 24 5 29 17 12 15 20 17 16 18 6 18 4 21 21 21 16 20 9 18 9 2 6 15 18 
23 4 1 17 13 4 7 27 25 11 8 10 8 13 17 1 23 4 21 10 11 21 6 6 30 29 1 10 23 9 12 4 1 21 10 27 27 30 12 25 29 11 11 29 7 9 10 26 27 21 1 26 1 29 23 10 
21 22 15 25 11 15 17 23 22 3 20 20 17 11 11 2 25 23 18 26 29 22 28 25 22 18 23 18 20 26 2 20 18 15 15 21 23 18 2 20 18 25 11 20 26 2 20 20 22 25 28 3 22 29 26 25 
19 11 3 20 26 19 27 28 19 28 3 9 7 26 1 6 29 27 9 15 19 14 27 19 7 14 20 14 18 18 15 3 27 3 11 2 18 18 2 16 19 18 14 18 11 5 1 29 6 4 16 7 7 5 4 11 
