22 26 17 21 21 25 21 15 25 29 2 22 14 26 29 19 1 25 17 9 29 22 15 19 9 23 30 30 15 12 6 4 10 21 2 9 23 12 11 20 30 30 12 20 11 29 6 23 12 30 6 24 1 30 6 1 9 23 1 12 25 22 15 24 14 26 30 12 10 26 4 30 
29 20 15 11 28 29 13 16 22 30 28 12 2 15 9 4 13 7 12 23 22 22 1 1 14 27 26 9 11 29 23 23 30 29 6 18 14 9 2 10 10 17 16 14 9 30 28 12 9 17 27 14 20 12 26 22 17 13 27 13 24 30 28 6 27 24 17 9 23 7 18 4 
5 25 5 5 13 6 20 6 7 8 29 7 17 9 2 7 25 18 22 11 29 29 25 12 5 12 27 12 5 18 13 7 5 9 28 11 8 1 18 15 29 7 12 3 11 1 9 22 29 7 11 11 20 15 18 14 27 25 20 17 1 1 9 3 29 11 14 28 20 2 9 9 
6 5 23 20 16 18 3 4 23 25 29 29 6 26 5 10 28 2 30 7 12 29 3 25 28 26 30 6 14 26 5 21 26 11 26 29 18 23 30 23 14 10 5 3 2 3 7 29 12 29 30 3 2 26 23 12 21 5 8 20 16 8 6 4 2 12 5 3 28 23 11 28 
19 15 15 12 19 27 19 29 23 19 30 29 3 9 25 3 22 15 4 17 12 13 22 1 3 3 19 30 15 15 12 1 15 30 4 22 30 20 26 20 12 18 9 19 13 17 15 4 30 18 4 17 18 2 4 15 15 2 17 23 25 26 22 29 27 15 30 4 2 18 29 2 
18 15 7 6 6 5 1 13 18 6 23 15 10 25 3 9 13 27 18 14 9 12 21 10 13 25 6 15 1 23 14 7 21 28 10 15 2 2 10 28 1 2 16 5 10 17 14 10 24 2 10 28 10 14 16 17 3 7 9 7 13 24 28 18 1 7 26 26 27 7 12 9 
28 4 17 13 4 15 9 28 9 17 19 17 9 7 10 19 9 5 18 8 13 12 10 5 9 23 1 11 12 8 2 12 12 15 9 25 17 23 22 18 24 9 12 20 11 30 12 19 12 13 9 12 9 22 9 22 7 24 25 19 9 1 8 27 30 8 2 9 13 22 20 27 
23 3 4 24 29 30 8 11 23 13 29 11 24 27 30 11 27 8 4 16 11 24 16 13 19 13 13 8 16 16 10 21 3 16 10 29 23 18 18 10 16 13 16 30 12 23 3 13 24 19 27 8 13 16 10 23 24 30 23 3 12 24 13 11 8 30 30 29 8 27 11 21 
22 23 14 21 25 29 22 27 15 29 27 1 5 27 15 3 26 26 23 18 21 10 2 23 21 26 9 12 2 8 14 2 8 1 8 5 4 5 14 27 21 21 22 26 10 21 26 10 3 21 8 2 27 4 9 27 22 27 26 27 10 14 5 15 12 15 18 4 23 25 21 4 
19 7 29 17 14 30 13 8 22 12 30 8 29 17 28 4 25 26 20 4 21 19 15 15 4 28 20 15 12 12 26 23 27 29 13 12 5 15 4 18 5 17 27 26 7 15 8 15 19 22 21 12 18 12 19 30 8 5 20 15 7 29 30 14 23 20 7 25 15 17 26 5 
1 15 27 24 5 23 10 13 2 22 3 20 28 15 15 16 8 15 24 21 16 8 19 18 8 30 5 23 30 9 20 9 16 10 17 18 15 8 8 9 6 16 10 23 21 1 13 15 2 21 9 17 10 28 8 1 17 15 24 3 17 21 6 23 30 22 1 19 30 27 24 15 
3 12 20 24 3 10 4 25 24 12 4 10 7 3 22 27 20 4 22 9 10 27 12 20 28 1 4 21 22 27 26 3 10 19 12 27 25 16 21 4 26 19 26 2 18 19 10 7 10 22 25 19 21 2 4 12 1 17 20 16 21 25 1 18 9 26 17 10 10 28 1 12 
4 20 1 11 14 19 21 27 11 16 10 7 19 10 20 25 4 18 19 23 10 7 20 1 4 29 3 4 4 25 27 22 23 7 17 11 18 21 22 27 4 11 29 14 20 10 4 19 19 18 19 21 7 20 10 7 17 21 20 10 10 10 4 16 10 27 10 23 7 18 3 23 
28 16 1 19 12 3 5 8 5 15 17 10 22 23 30 9 12 17 1 23 24 24 1 21 17 9 18 3 28 28 1 22 2 10 8 10 10 14 8 8 19 1 3 22 12 16 20 24 11 15 17 11 10 3 20 22 24 18 28 2 19 21 19 30 11 12 14 18 11 10 1 18 
2 24 4 23 2 22 30 22 15 17 9 30 12 14 11 10 30 26 2 4 24 17 30 21 4 27 9 2 23 28 28 26 18 30 30 30 28 11 21 17 16 30 5 12 5 18 30 9 23 30 23 30 11 22 22 28 30 12 15 2 23 27 2 4 16 11 14 23 12 9 17 10 
28 19 29 17 4 1 27 24 18 21 29 12 19 7 27 16 12 3 21 7 19 27 17 17 27 30 1 1 3 17 1 4 17 17 7 5 29 20 14 19 23 14 19 12 23 16 6 4 27 1 19 6 30 20 27 18 14 28 7 5 23 27 1 4 19 19 24 27 14 12 23 29 
23 25 18 23 20 30 1 17 30 30 18 3 24 15 9 26 4 27 29 6 27 11 30 27 9 6 5 30 23 22 1 1 9 17 6 23 14 25 17 6 9 17 27 30 29 24 22 21 1 1 23 24 21 23 17 20 26 4 5 4 29 14 19 11 3 15 1 19 17 29 24 4 
7 13 4 2 29 22 11 7 23 1 5 26 23 23 16 23 12 10 10 13 18 16 5 23 25 21 22 23 21 11 23 25 4 18 2 26 2 20 14 10 2 6 10 25 10 10 15 29 10 11 2 23 2 20 6 4 17 10 30 11 13 15 23 30 13 23 25 14 1 4 17 12 
11 2 29 2 19 14 30 30 2 19 21 21 19 15 3 26 1 30 21 18 25 25 30 15 12 11 13 27 19 1 21 5 5 10 11 1 11 23 1 12 3 3 15 23 2 29 10 26 20 8 20 28 2 13 24 26 21 14 18 28 27 30 8 24 30 2 15 3 19 19 26 21 
12 8 13 22 7 10 7 26 27 14 26 19 19 28 28 27 14 6 28 30 30 19 28 8 8 25 4 7 2 20 7 2 30 4 3 28 19 4 10 19 14 20 20 17 4 4 6 16 28 3 14 4 2 12 22 20 2 4 16 16 28 28 8 4 16 25 13 30 19 4 4 17 
11 16 20 14 23 18 15 5 11 7 20 26 30 25 20 24 23 18 23 25 25 20 18 29 1 15 14 30 26 11 1 23 25 15 24 23 3 23 25 7 18 26 11 20 20 7 23 24 5 26 11 20 4 15 4 11 25 7 9 3 20 26 29 14 15 23 15 14 16 26 24 9 
17 24 2 27 13 1 30 16 20 4 12 5 6 17 17 12 19 19 3 17 5 29 19 6 15 1 5 11 5 30 4 19 29 15 15 1 24 6 16 27 19 27 3 1 27 23 28 15 11 5 20 21 29 29 17 19 19 3 13 6 19 5 3 21 14 2 6 28 6 23 14 17 
29 18 29 7 25 24 7 27 27 23 24 9 27 4 23 24 8 29 3 26 15 8 8 20 20 15 25 24 26 15 26 26 14 25 18 9 26 11 29 24 15 22 24 3 1 29 15 27 25 8 1 6 11 26 29 29 7 25 25 25 8 7 9 8 15 14 9 29 6 4 25 22 
12 9 6 21 25 18 1 16 14 25 18 15 19 12 2 11 15 15 14 16 7 13 21 25 12 16 12 19 12 20 14 21 15 5 13 9 13 13 15 18 10 2 12 22 18 5 14 14 22 30 14 7 1 14 5 20 12 6 5 11 12 16 15 16 14 21 25 16 30 27 10 27 
14 18 27 6 23 10 2 6 24 27 6 8 25 2 7 15 24 15 13 23 23 10 13 17 17 6 30 10 27 7 17 6 28 13 24 8 14 13 10 28 3 6 25 24 18 10 10 30 13 17 24 27 6 13 8 24 30 24 22 30 8 22 24 23 3 18 14 6 14 11 11 18 
2 24 21 5 30 26 28 27 28 16 25 2 16 12 24 8 14 30 13 26 24 7 14 13 30 16 12 27 21 13 7 19 24 16 27 26 8 19 27 16 19 26 21 24 1 14 2 27 8 16 25 28 8 18 12 12 25 18 14 5 30 13 27 25 2 19 8 21 28 24 1 8 
29 17 15 20 17 15 25 25 3 12 29 22 22 24 14 1 1 18 30 9 14 22 9 11 1 19 9 15 22 15 11 8 25 11 15 8 5 25 19 1 15 22 27 27 17 5 1 19 30 5 22 11 29 24 15 3 1 3 29 12 9 8 5 20 19 15 27 18 27 8 3 17 
3 12 1 20 26 17 4 23 21 1 25 3 23 2 2 2 4 14 3 8 20 8 3 2 4 27 1 14 4 20 25 5 25 23 8 20 27 26 12 1 27 22 18 30 7 25 5 7 5 29 2 14 29 8 18 23 19 14 19 2 24 21 20 30 17 14 14 27 24 20 22 5 
18 4 19 2 30 12 17 4 24 11 17 2 1 28 10 9 27 25 21 10 5 27 19 26 12 26 29 26 21 22 22 12 20 22 13 13 8 26 30 21 5 1 22 18 7 29 9 27 21 25 30 17 27 2 5 12 1 20 30 2 2 7 5 25 2 1 17 11 24 25 8 28 
22 26 22 1 25 13 5 4 21 7 15 28 19 10 7 9 20 25 27 26 7 27 18 8 9 20 19 10 18 26 26 26 21 10 10 4 2 10 1 8 3 26 15 10 3 2 28 9 6 28 7 2 11 9 19 13 19 20 10 6 26 20 28 1 10 30 11 1 30 26 2 5 
12 21 3 7 17 13 22 6 30 21 17 7 22 9 7 7 24 1 25 21 10 29 11 13 25 3 1 9 19 30 12 13 7 30 29 19 17 11 1 17 6 13 9 10 3 21 15 6 1 6 27 6 6 3 17 30 30 24 9 1 30 17 7 30 1 30 27 15 1 10 10 1 
11 13 22 24 24 30 27 9 17 6 3 29 3 22 24 22 4 29 5 17 5 24 14 22 3 14 5 27 30 17 5 11 4 9 21 8 4 6 17 21 8 8 24 24 14 19 27 17 19 17 14 10 14 5 9 14 29 8 11 4 4 22 5 3 11 29 10 4 27 9 22 13 
10 10 1 4 6 14 17 28 11 4 8 3 3 27 3 14 28 13 11 30 13 16 27 17 14 14 21 28 17 5 20 17 29 28 29 10 18 13 29 14 14 17 5 26 21 13 14 28 24 30 16 3 26 21 16 17 24 6 16 8 20 21 30 6 1 6 28 30 29 18 14 10 
27 16 23 13 28 28 16 21 18 19 20 26 15 23 18 11 8 21 15 7 11 11 26 29 14 17 19 1 26 13 8 3 13 21 16 24 1 29 23 27 14 7 13 28 15 19 11 10 3 16 21 17 26 19 26 8 8 28 25 26 16 25 15 10 7 7 15 24 16 15 23 20 
17 3 3 11 27 14 22 21 9 30 12 2 15 27 6 12 13 13 27 2 4 29 20 29 9 1 11 15 16 5 28 12 2 27 9 15 9 15 7 5 16 20 13 28 12 17 16 6 26 16 2 22 1 14 15 15 12 7 11 26 21 16 13 20 30 11 12 4 20 15 15 16 
18 16 8 13 15 11 7 7 2 30 30 2 7 22 3 1 7 30 19 9 7 16 18 17 19 10 28 3 26 26 2 18 14 14 30 1 15 9 7 19 8 28 28 28 30 18 22 7 3 2 10 8 15 11 30 5 15 30 15 3 13 17 19 11 9 5 11 8 30 15 7 9 
13 21 3 30 9 1 15 19 25 10 24 2 28 26 8 21 6 5 19 11 27 5 24 3 1 6 3 9 10 20 20 30 19 15 3 27 28 3 5 15 24 3 6 30 10 19 20 21 2 5 15 11 19 28 6 9 20 20 8 13 15 26 9 28 15 21 10 19 30 20 25 24 
30 21 19 16 15 13 25 7 26 9 7 5 3 28 18 3 24 16 11 25 4 14 23 9 18 27 23 18 23 14 28 4 25 7 11 23 7 6 10 10 19 11 26 18 11 21 13 5 10 7 28 18 13 7 11 23 30 5 25 10 26 27 6 5 24 28 13 23 26 11 18 15 
9 13 7 12 21 8 8 26 12 29 8 25 12 5 28 15 25 22 22 30 4 8 4 21 29 21 28 11 7 12 8 9 19 14 28 22 30 15 25 18 13 4 1 15 14 9 21 4 4 5 28 9 29 19 8 1 25 24 22 21 11 4 28 26 15 24 21 5 5 18 29 28 
2 26 12 6 10 28 17 23 26 5 26 15 22 10 12 10 28 5 30 22 5 28 22 8 15 23 23 28 28 25 15 26 6 17 12 15 22 10 20 26 25 6 19 10 5 6 19 26 30 6 20 10 2 22 23 30 30 25 10 8 25 10 9 9 14 28 12 14 30 6 22 30 
20 4 7 30 5 20 16 5 10 1 2 23 7 28 25 27 6 23 8 10 9 15 20 8 10 21 23 2 4 26 10 30 21 1 4 30 10 16 4 9 6 25 30 30 12 1 26 1 3 30 10 27 21 3 3 25 27 23 12 9 7 30 15 9 30 27 25 20 21 3 7 28 
14 25 20 25 21 13 14 12 19 9 28 21 5 30 28 9 8 14 14 5 7 13 4 14 10 1 6 10 4 12 7 20 5 21 7 8 14 12 20 24 24 5 7 7 19 9 23 4 24 14 6 24 10 9 7 21 21 19 24 23 20 14 19 1 24 21 30 28 12 4 28 10 
26 22 11 13 25 15 17 15 27 6 28 17 19 29 5 17 27 28 25 15 19 5 25 22 8 28 18 18 13 17 5 22 15 15 27 11 6 17 26 14 28 5 29 15 5 25 17 29 14 29 5 15 10 22 14 22 27 22 20 16 14 20 18 16 14 28 28 10 15 14 18 8 
13 4 27 12 28 24 25 9 10 21 28 23 29 29 1 18 4 18 13 15 15 7 4 24 1 25 30 9 30 7 13 7 13 28 24 13 13 26 22 28 8 4 25 27 1 26 8 12 23 29 26 29 10 1 26 21 21 30 27 22 13 27 21 30 25 13 28 28 24 28 7 28 
7 16 10 2 29 25 4 12 3 10 11 3 19 15 15 19 28 15 2 27 26 11 3 16 2 2 2 30 30 8 12 25 30 12 2 28 16 7 2 19 2 12 15 29 2 30 17 23 8 3 17 23 15 19 3 8 26 7 3 15 27 7 23 4 7 7 8 20 20 23 2 16 
12 28 17 20 9 14 24 11 20 24 20 8 7 7 25 21 3 7 20 13 9 20 8 24 18 5 3 10 12 7 20 20 5 21 11 22 11 1 22 5 20 28 23 2 26 21 20 20 21 10 11 24 1 21 17 25 21 8 26 21 20 21 12 20 23 18 12 5 8 2 13 14 
26 22 18 30 17 23 15 5 25 30 29 21 18 14 14 29 24 29 4 15 13 8 25 18 18 26 8 24 3 3 30 1 18 26 18 23 16 30 17 19 2 25 29 14 17 9 17 17 9 8 26 25 5 18 29 19 1 18 25 8 29 24 21 17 2 25 14 4 16 22 24 13 
4 28 17 21 4 14 30 14 21 23 21 10 6 10 21 5 14 1 24 27 1 30 30 6 28 4 8 22 17 20 10 7 4 30 18 1 4 21 28 27 15 28 30 21 15 30 30 8 9 28 17 28 10 15 30 24 1 15 17 10 23 22 9 10 14 4 18 5 4 20 7 4 
19 6 29 18 3 6 11 10 11 24 24 6 20 2 9 6 18 20 11 19 5 19 15 29 6 19 12 4 9 12 30 11 1 1 15 20 9 13 28 13 19 20 13 13 30 20 30 18 9 5 3 28 18 13 20 30 13 18 2 6 5 19 19 5 20 10 20 4 11 11 19 18 
11 10 12 12 21 3 18 16 23 21 5 10 12 7 29 29 10 22 5 6 24 21 9 7 26 24 5 28 26 1 2 7 15 9 21 21 3 5 23 21 3 11 3 1 16 21 16 7 12 23 22 23 15 2 13 2 16 1 29 21 6 10 29 27 18 13 1 28 28 27 2 28 
22 21 29 11 9 18 10 15 10 12 12 18 14 8 5 8 27 25 11 26 7 17 10 8 2 11 17 15 13 29 10 3 11 15 20 11 13 11 14 21 24 22 20 24 13 17 25 1 26 18 5 15 27 29 3 30 27 18 27 13 2 11 29 30 1 7 9 17 22 11 8 22 
4 18 30 19 15 18 24 7 15 6 14 7 3 25 7 22 25 5 19 24 3 27 24 5 4 5 15 15 7 12 5 25 1 1 21 5 26 6 27 3 3 3 22 27 16 4 15 14 4 6 26 21 5 18 25 3 21 24 24 18 12 18 22 24 6 21 18 30 16 22 15 27 
16 4 4 14 13 13 18 14 2 27 18 7 27 16 28 13 15 19 28 16 28 24 25 11 18 3 15 24 11 21 5 2 13 15 21 16 17 10 15 2 17 18 28 22 2 15 5 18 27 22 7 11 28 25 10 27 19 13 3 19 22 18 28 2 22 17 2 11 17 19 15 13 
20 6 12 21 2 17 25 6 19 12 28 20 20 3 9 22 22 3 23 29 5 29 29 14 12 14 28 2 27 25 9 27 17 3 19 6 17 3 4 26 20 4 4 20 29 7 29 22 17 4 28 20 6 20 20 28 23 9 26 29 12 21 16 2 9 5 22 2 20 7 16 20 
23 11 24 19 4 1 19 14 24 27 24 14 11 22 19 4 19 4 8 28 27 2 24 4 22 17 25 12 27 29 14 6 9 27 21 6 17 21 2 23 22 20 6 17 17 11 29 4 27 27 12 24 22 30 8 9 11 28 12 1 6 25 6 17 24 4 30 20 6 14 12 17 
24 19 18 19 24 7 24 8 5 14 26 16 20 25 20 20 27 27 7 5 16 18 19 30 8 17 14 12 28 19 21 20 24 28 18 13 21 18 4 21 27 13 23 16 19 14 14 13 25 16 14 27 23 23 18 14 30 14 21 12 21 4 13 17 18 19 18 26 14 18 23 21 
12 12 18 29 26 27 22 12 19 21 21 3 5 30 20 18 3 28 15 15 13 30 13 18 17 16 19 29 19 13 19 30 16 12 12 26 12 26 22 29 26 19 19 20 3 5 24 9 30 5 29 5 3 15 3 12 7 3 7 24 12 17 12 12 9 13 19 18 27 15 28 19 
9 8 1 8 7 26 15 5 30 19 7 14 9 2 15 30 8 23 2 14 19 23 8 28 22 28 14 11 29 25 19 12 10 27 14 25 7 17 1 9 11 15 12 26 4 8 1 29 28 4 15 23 29 23 10 1 19 27 2 28 17 10 22 11 29 7 5 10 11 2 9 8 
18 6 5 26 14 20 22 8 14 26 4 18 23 6 25 7 8 18 14 20 13 22 11 19 26 4 20 20 28 3 23 10 11 10 3 13 3 5 25 8 1 9 20 2 3 4 26 3 8 18 4 9 20 7 25 16 28 3 19 25 22 22 2 15 24 20 14 24 20 1 16 15 
24 9 9 18 9 10 15 14 20 9 9 19 16 21 29 19 11 19 3 10 18 2 24 20 15 9 13 15 24 16 10 24 29 19 4 10 30 16 9 14 5 24 17 28 13 30 19 24 27 9 13 1 19 3 15 11 17 5 4 3 1 1 19 2 16 21 1 3 19 28 13 27 
6 28 7 5 22 24 14 30 25 18 24 16 30 23 3 12 16 7 15 28 28 17 25 10 20 28 24 1 4 17 24 11 17 11 17 10 3 23 4 16 29 11 18 5 22 28 24 1 12 25 29 24 28 24 6 15 20 10 14 27 10 11 24 20 28 24 24 27 16 28 20 25 
30 29 11 13 9 11 30 8 25 25 29 12 11 9 11 9 9 11 15 17 15 12 11 21 5 24 29 8 6 19 14 16 17 2 14 14 8 19 8 28 10 27 17 2 24 17 9 16 30 16 9 27 16 3 3 4 10 16 29 13 24 30 5 21 13 16 14 6 24 4 13 28 
16 8 26 28 21 8 23 8 10 20 17 24 1 13 23 29 13 29 15 29 28 7 24 29 10 30 21 24 16 11 23 30 30 16 11 7 23 8 28 8 29 23 16 30 21 16 25 15 24 21 29 24 21 24 28 25 3 20 16 23 21 3 16 28 8 15 26 17 16 15 1 28 
18 21 15 21 27 8 14 6 19 24 10 13 15 18 6 3 15 10 23 24 11 21 18 24 11 11 21 3 8 12 24 16 15 11 19 7 15 10 18 19 13 4 8 24 4 10 27 15 1 14 8 24 23 3 19 1 16 6 13 17 3 12 3 17 6 7 14 10 3 14 10 13 
11 19 13 26 26 10 21 30 22 6 16 26 16 8 29 21 13 7 15 6 14 26 11 30 19 19 19 30 30 3 29 8 16 11 6 11 29 6 15 16 21 22 15 30 16 15 26 3 19 10 26 9 17 20 11 20 30 29 28 25 28 25 16 19 14 22 17 7 11 22 21 9 
3 14 22 15 30 27 1 30 19 6 14 25 19 22 17 25 1 17 8 17 8 30 8 10 10 6 12 14 29 25 22 7 3 8 29 27 14 17 10 7 14 27 25 7 28 9 7 14 28 15 18 7 27 10 9 19 7 12 22 23 7 22 23 19 4 4 22 7 4 18 30 4 
16 6 7 20 13 26 25 23 30 12 28 28 30 14 30 15 11 11 16 15 8 17 2 28 6 24 29 25 15 13 2 17 30 8 12 12 24 26 30 29 2 18 30 29 27 6 15 11 7 28 12 6 6 18 2 2 28 15 28 18 14 20 11 6 23 17 27 18 29 2 15 17 
25 30 22 16 6 28 19 9 5 5 19 6 18 30 6 22 16 26 26 29 6 5 20 20 9 28 21 21 30 26 9 28 19 15 30 1 2 26 26 2 24 9 7 5 9 19 1 18 3 25 9 15 18 7 1 15 24 15 15 16 5 5 3 16 1 7 18 29 15 7 28 26 
9 29 1 13 19 28 13 2 9 9 6 22 22 6 16 28 2 28 2 15 17 18 29 1 28 5 29 6 28 13 9 27 13 18 25 9 28 23 19 19 22 18 17 6 22 28 5 29 7 16 30 7 19 27 18 9 25 17 18 15 13 13 25 17 25 28 30 28 28 2 23 18 
5 9 1 26 5 13 13 25 25 5 22 12 28 19 21 25 27 26 24 3 8 19 25 18 9 5 24 29 9 13 21 17 12 21 19 9 9 29 17 26 3 1 24 26 2 19 24 13 24 3 18 13 27 17 28 13 28 2 28 5 21 9 24 19 28 19 28 5 17 22 3 8 
23 27 2 12 20 21 20 27 6 18 30 18 3 1 10 11 11 17 12 15 1 19 23 11 24 24 23 17 29 11 10 18 15 23 19 18 27 3 20 22 29 20 3 24 11 7 2 7 6 27 2 11 3 3 2 27 22 30 2 11 9 23 9 27 11 21 3 2 3 23 3 24 
23 16 28 7 17 14 18 28 23 25 30 1 5 25 24 10 24 16 3 7 18 22 6 7 5 29 12 30 24 23 30 10 27 3 3 30 30 3 3 9 9 28 1 30 23 27 16 16 17 28 6 18 7 2 20 26 22 9 26 7 20 3 12 14 1 29 18 2 7 9 1 24 
19 22 24 5 9 3 3 12 3 20 21 14 5 22 20 3 3 30 15 5 24 20 29 22 14 14 2 5 24 20 22 7 30 2 21 17 8 15 17 9 4 29 30 24 30 3 14 15 15 3 15 19 3 15 8 4 19 17 29 22 7 24 29 12 24 6 22 17 3 3 19 6 
12 12 16 18 5 12 5 5 1 18 12 16 8 27 18 3 7 27 14 24 14 14 9 24 25 13 13 18 18 18 2 7 9 1 29 10 12 11 13 9 25 18 10 6 13 9 14 18 9 8 1 18 12 14 18 27 11 8 9 3 6 13 27 8 1 13 13 14 29 2 5 13 
20 9 17 21 9 2 29 11 25 12 14 3 7 17 25 21 12 28 13 29 17 3 28 25 7 29 25 7 29 17 4 2 9 18 2 7 29 11 27 30 28 24 13 2 20 10 2 14 16 30 25 27 9 30 4 12 29 24 13 3 2 18 13 2 30 3 10 28 12 25 2 16 
19 2 26 6 13 20 27 29 25 1 18 14 8 23 15 28 14 25 19 15 25 18 6 13 6 2 19 20 2 2 2 26 2 8 19 7 2 20 15 29 9 20 15 1 26 6 7 6 27 8 28 16 7 23 6 11 25 20 13 2 26 6 20 15 16 11 9 6 15 13 7 8 
9 17 28 12 7 2 14 6 12 12 15 24 20 19 23 7 26 15 9 17 28 19 3 19 26 8 26 2 2 9 17 2 26 5 9 7 14 5 3 13 7 2 3 28 17 16 5 3 20 16 14 26 24 6 17 15 23 2 15 24 26 24 8 19 13 12 17 3 14 28 5 3 
23 22 11 24 20 24 19 24 27 20 17 7 30 27 7 28 23 2 27 11 23 17 10 7 11 12 24 14 20 23 9 2 27 22 24 12 14 12 17 28 14 11 24 14 30 17 7 20 10 11 28 24 24 23 27 13 19 12 7 27 30 7 11 9 14 28 28 13 28 14 23 30 
14 4 12 7 28 23 2 20 15 3 25 1 12 10 14 24 24 3 28 15 12 21 14 21 5 15 14 15 25 4 9 21 22 14 26 21 23 4 26 8 14 26 26 21 19 5 2 26 25 29 20 25 17 9 4 1 5 29 12 2 2 10 26 5 17 17 21 22 17 19 7 8 
21 16 22 26 17 14 4 19 8 1 11 7 5 17 5 12 3 23 4 4 21 1 17 22 4 11 19 11 2 13 10 13 22 22 23 4 26 30 23 9 3 26 3 9 19 23 30 11 2 8 3 26 7 21 4 8 10 13 8 18 23 16 23 11 18 13 17 11 12 14 19 21 
7 10 6 2 10 15 25 18 17 4 18 27 15 26 25 15 23 21 10 11 10 15 5 1 26 11 11 11 17 27 1 18 11 5 5 4 8 6 23 17 26 8 15 1 23 15 11 18 5 22 25 23 22 15 12 2 11 6 10 1 15 21 1 10 17 12 25 26 1 6 11 7 
23 2 17 25 11 19 22 22 21 21 21 11 13 27 1 19 11 18 25 21 23 4 23 22 4 17 3 11 2 13 17 22 14 17 6 3 14 1 23 4 19 23 22 22 6 25 18 30 19 11 23 25 21 1 3 1 27 25 29 30 1 19 4 19 15 21 1 11 25 29 15 3 
5 15 17 26 27 23 26 2 24 4 15 21 4 16 1 15 1 15 19 15 5 27 2 23 1 24 4 1 17 16 21 12 23 1 23 17 28 18 21 1 17 27 23 15 28 14 5 24 27 16 1 1 16 1 4 14 21 28 4 19 23 1 23 24 12 23 18 2 4 2 5 28 
12 2 24 18 15 17 9 5 9 8 26 30 7 26 24 19 23 10 15 13 5 9 19 7 9 28 24 27 9 13 18 1 10 23 1 19 19 5 15 3 23 18 15 13 5 23 30 9 2 10 18 24 18 25 17 13 3 25 27 30 17 8 9 10 17 9 18 12 30 30 30 28 
4 22 13 20 28 16 25 16 16 29 19 8 11 6 11 19 28 4 22 29 10 5 24 19 25 22 28 29 24 5 16 6 29 28 6 2 25 28 16 30 19 28 12 19 6 20 21 12 24 24 30 25 19 6 25 22 25 25 28 4 28 13 4 10 6 8 16 2 9 9 25 21 
12 16 16 15 30 22 7 28 21 8 12 14 6 2 12 12 2 1 29 7 30 19 28 6 8 23 11 3 12 3 7 26 16 2 3 14 9 22 29 7 25 21 23 30 26 1 28 2 14 3 16 4 14 12 30 7 8 11 28 19 15 15 19 8 25 19 12 15 9 7 12 4 
10 28 21 4 30 2 2 30 15 8 19 28 19 21 2 11 30 19 8 4 4 24 2 28 10 19 19 30 1 17 20 8 2 25 19 13 2 24 13 6 11 24 11 4 25 17 29 1 21 13 19 29 15 19 19 21 20 11 11 13 11 11 21 8 21 10 11 24 6 10 28 19 
24 15 22 28 8 29 24 29 26 18 28 12 29 20 3 25 12 30 22 26 3 22 30 30 20 12 17 18 7 30 18 26 11 15 26 29 24 15 20 22 13 27 29 25 22 12 12 7 11 14 14 28 29 18 14 8 29 29 20 13 14 14 14 24 27 18 22 12 17 18 28 15 
5 5 12 23 25 16 14 7 16 18 18 2 26 13 21 24 23 7 14 14 5 20 9 27 5 21 25 15 21 10 24 1 20 15 15 25 4 22 11 22 26 16 16 2 5 5 1 24 27 13 14 11 21 9 16 18 1 5 1 4 5 10 25 1 24 15 22 16 22 1 18 12 
5 22 26 28 4 3 5 24 20 22 21 4 29 14 9 21 3 9 3 9 14 4 14 20 27 11 4 9 27 15 14 27 10 28 27 10 11 3 12 3 9 10 25 3 15 14 4 10 4 4 10 21 20 5 24 2 5 14 20 26 3 2 9 25 3 29 10 21 22 4 12 22 
10 28 15 20 2 13 22 2 20 19 20 24 23 3 9 24 29 14 29 18 27 14 8 2 29 14 26 23 28 20 14 14 18 7 2 2 15 13 29 9 29 26 1 15 2 2 1 14 10 7 14 14 15 27 18 9 3 14 29 9 2 14 18 24 15 19 29 29 8 22 15 24 
27 2 24 23 19 23 24 29 24 11 12 23 11 24 18 24 23 11 29 7 4 17 4 7 3 23 11 21 28 23 27 18 9 23 26 13 20 12 24 12 17 23 3 12 2 12 11 12 2 13 19 9 5 29 27 11 23 28 9 2 5 26 13 19 13 27 29 23 21 9 20 19 
6 11 4 1 21 26 7 19 1 3 23 4 11 9 9 30 15 26 30 3 27 27 11 16 23 21 21 16 13 1 19 9 11 13 6 7 30 16 12 25 17 16 17 15 15 9 7 1 3 22 13 25 19 22 5 20 15 13 11 30 28 28 11 3 20 24 24 21 12 19 7 5 
4 21 10 26 7 21 6 28 7 6 21 10 2 4 6 14 17 9 4 24 15 7 14 17 13 7 17 17 23 11 15 15 28 9 29 14 15 21 10 9 21 6 10 11 13 23 24 11 12 17 21 17 7 6 17 6 28 7 10 10 2 4 14 29 11 26 9 28 12 17 20 20 
6 6 10 9 30 4 18 30 14 15 13 15 12 18 6 8 9 9 4 4 26 2 29 11 13 15 27 6 23 27 4 11 6 12 27 23 7 29 26 16 27 1 11 8 15 21 11 11 9 6 8 1 26 6 29 6 29 11 15 10 27 27 15 7 16 21 6 26 6 8 14 2 
28 3 9 9 6 6 14 26 15 4 7 16 28 7 28 7 2 27 19 28 19 6 22 18 26 5 4 7 6 11 14 28 28 18 6 15 7 4 20 4 6 4 9 3 6 12 20 11 2 7 30 22 11 12 2 4 25 16 5 30 11 2 2 25 18 26 9 2 26 18 6 27 
16 3 14 19 25 8 14 20 14 3 15 19 7 25 26 20 24 25 3 25 2 18 4 5 24 28 26 26 28 24 15 19 8 20 14 13 3 11 13 11 15 8 13 3 20 3 19 7 2 13 4 15 23 18 29 20 20 15 28 18 18 5 5 15 26 16 29 24 5 28 23 8 
17 9 21 29 29 17 17 9 21 8 20 22 13 27 23 6 6 3 7 9 7 10 7 17 8 10 1 29 9 17 16 20 4 22 21 23 2 26 26 2 29 6 30 18 17 10 16 30 1 7 8 27 18 3 30 9 1 1 3 4 1 13 10 11 9 8 30 6 11 1 21 3 
22 18 19 5 5 7 5 30 7 5 15 18 30 18 6 14 13 29 1 1 29 15 4 26 19 5 30 1 27 15 19 13 8 22 27 19 8 5 22 19 15 5 15 17 30 10 19 8 20 5 17 13 22 19 1 19 19 6 15 20 13 19 26 8 4 14 18 2 10 2 19 19 
13 29 6 18 26 7 30 3 21 30 29 21 16 27 28 13 27 6 18 7 4 9 16 26 18 27 12 7 9 23 30 16 13 8 7 28 23 13 4 1 9 16 21 9 9 13 30 29 18 13 1 28 8 25 21 27 7 3 25 23 6 1 12 23 1 7 28 9 29 4 4 6 
