26 14 7 14 27 14 22 7 10 9 10 18 22 26 11 7 3 23 14 11 7 22 9 30 20 27 20 17 23 3 7 12 14 26 26 30 12 14 17 22 18 7 
11 23 15 28 13 10 4 15 10 13 18 20 15 20 4 15 15 19 18 3 12 8 28 8 25 10 10 8 12 20 4 19 19 8 19 3 25 11 20 4 15 23 
13 2 6 2 29 25 4 24 9 13 26 25 13 13 11 29 21 13 20 6 3 15 11 11 16 11 25 13 26 15 6 2 21 4 25 3 6 2 20 9 24 16 
18 18 7 16 24 27 7 17 17 14 2 17 19 2 2 16 22 24 28 19 7 14 18 11 2 24 19 24 18 7 30 27 30 22 11 17 2 2 2 28 19 2 
15 26 15 26 28 1 17 13 15 13 25 7 20 24 14 20 20 1 30 23 1 17 13 6 21 30 1 7 1 23 15 20 25 1 1 14 24 13 6 21 28 1 
20 10 4 16 10 25 13 20 15 14 2 20 25 10 17 13 28 20 15 16 1 10 17 6 12 1 24 5 24 18 5 29 12 12 2 18 6 29 14 12 4 28 
14 11 8 19 4 25 9 11 8 6 25 26 9 11 19 19 19 9 10 18 14 10 2 11 14 18 4 6 4 4 27 2 14 25 27 26 9 20 20 15 25 15 
23 14 11 23 9 16 11 25 12 25 10 19 28 9 23 12 8 16 23 4 23 19 27 14 28 8 4 28 25 23 1 11 28 10 10 10 1 26 26 27 11 25 
15 13 25 18 19 12 14 20 19 22 5 5 28 9 17 25 5 23 12 18 17 13 20 23 13 19 18 6 9 19 20 14 6 20 13 18 5 15 7 22 7 28 
14 3 28 5 29 2 25 12 24 10 28 4 3 24 10 25 20 20 10 22 2 24 23 23 24 14 20 3 22 3 20 10 5 24 12 29 2 2 10 10 4 24 
11 15 17 19 5 12 20 12 20 5 17 8 11 11 19 5 12 15 14 19 28 28 24 22 8 3 20 24 5 19 24 12 3 11 24 12 15 14 15 22 12 20 
10 23 17 11 4 1 1 18 4 25 24 8 8 24 11 11 26 11 20 24 26 23 20 10 23 24 18 8 1 19 23 8 20 20 2 2 3 3 25 19 1 17 
9 30 16 17 29 15 29 9 18 3 27 16 13 13 15 25 17 16 17 17 25 16 4 17 24 25 3 9 6 4 9 29 12 17 18 25 27 12 6 29 24 30 
14 21 28 10 21 9 10 22 22 9 16 9 9 14 28 18 1 17 19 17 8 17 21 8 1 17 20 2 12 22 12 26 18 26 19 2 20 21 22 22 16 22 
9 8 11 1 16 9 30 1 10 1 24 13 1 22 13 11 16 10 17 24 30 27 2 9 30 17 6 27 24 8 17 17 9 24 6 8 2 30 9 22 9 8 
26 14 13 9 13 27 27 5 13 26 2 27 9 6 13 14 13 25 14 14 22 22 6 5 13 27 25 14 22 22 20 20 14 22 20 2 20 13 9 9 13 22 
29 23 22 29 14 29 13 8 8 17 22 29 23 26 14 26 5 18 18 13 4 12 3 26 30 20 12 20 4 3 4 14 14 26 1 1 23 23 30 4 5 17 
8 14 10 15 19 14 23 8 30 23 25 19 14 1 13 25 10 25 1 10 29 1 13 19 25 30 29 16 15 14 13 9 16 29 9 13 1 10 29 23 23 19 
29 29 16 24 11 6 23 6 25 2 21 22 12 21 9 22 24 6 9 20 25 3 3 12 20 1 6 23 1 12 21 21 9 2 27 11 16 5 12 27 9 5 
8 4 24 18 13 4 10 26 25 30 22 10 13 20 28 29 4 25 29 28 30 16 26 29 13 16 20 18 10 17 8 30 13 24 4 17 22 30 10 29 26 26 
13 21 21 28 24 9 9 9 21 5 5 11 26 1 18 18 9 23 27 21 23 1 11 1 27 25 1 5 28 22 22 13 2 24 26 1 5 1 1 2 1 25 
18 25 13 30 3 3 16 13 19 21 19 16 7 13 3 14 25 3 22 8 26 6 3 20 13 22 21 20 13 30 18 25 14 6 13 14 26 7 25 3 8 14 
17 4 7 7 15 29 30 24 29 4 28 24 15 7 27 28 7 15 18 26 29 17 18 28 18 29 30 6 15 26 28 27 24 6 29 24 7 29 13 18 13 7 
14 14 4 7 30 29 20 10 29 16 25 29 2 10 24 24 26 30 26 14 1 29 27 4 7 20 16 17 27 25 1 6 2 14 1 17 6 14 7 7 14 1 
8 7 25 8 13 25 16 7 29 11 27 15 8 11 9 8 29 3 13 15 7 21 29 5 21 16 25 8 27 7 8 15 25 21 5 15 3 21 9 27 29 27 
2 1 8 24 24 5 20 4 30 2 19 21 21 19 15 1 16 23 30 15 4 29 8 30 13 20 5 20 8 9 16 4 20 29 23 13 8 23 4 9 23 30 
13 21 27 25 15 8 27 23 21 21 27 25 10 17 21 17 8 25 21 29 27 27 27 21 26 8 29 24 10 9 27 26 25 23 13 27 8 9 24 21 15 21 
30 21 30 3 30 27 8 23 30 30 20 7 13 20 30 14 17 13 3 23 17 1 13 8 14 13 7 5 19 19 1 30 19 19 30 5 7 7 27 5 21 5 
17 19 10 10 10 17 17 2 14 18 26 22 26 26 23 13 10 10 10 8 13 9 8 13 23 12 18 2 25 22 24 19 13 26 25 24 9 22 17 14 12 22 
16 8 6 4 21 30 21 27 21 21 21 18 25 9 4 25 1 27 16 21 30 16 25 20 18 5 20 25 21 25 5 25 25 25 12 1 6 16 12 9 8 21 
18 28 16 30 3 23 18 12 16 6 6 19 23 30 19 13 5 21 6 28 5 21 22 22 16 21 3 22 19 19 6 30 30 29 12 16 13 22 29 22 22 21 
10 9 15 22 24 16 9 13 7 9 2 28 1 15 16 15 7 20 4 9 9 22 2 13 10 28 4 20 4 9 9 9 22 4 26 24 1 22 15 26 28 28 
17 25 9 17 17 26 13 4 26 2 2 18 8 13 14 22 5 22 17 4 9 18 5 18 25 8 23 30 8 14 23 13 9 9 8 23 30 28 23 28 18 13 
7 2 6 15 15 14 5 26 14 20 26 23 4 2 14 26 23 7 5 13 15 5 4 7 13 15 6 2 5 17 20 14 17 23 19 26 2 19 19 23 7 19 
28 30 8 25 20 13 8 11 8 30 18 18 19 11 2 10 27 29 10 20 5 19 28 30 21 1 25 2 5 8 16 1 13 5 27 15 5 29 15 16 21 30 
6 2 13 5 22 9 24 8 12 18 26 2 10 22 28 5 5 5 6 14 10 12 18 18 9 18 8 24 26 16 22 23 22 28 23 2 13 24 14 24 2 16 
23 13 19 30 6 30 22 11 3 14 3 22 21 4 13 8 19 14 28 4 6 11 23 8 30 4 19 21 8 30 30 4 8 11 28 14 19 30 14 30 11 30 
9 19 5 30 28 12 7 9 18 25 2 7 24 21 12 3 9 26 2 25 19 21 30 26 24 20 5 18 26 9 18 20 18 26 8 14 8 28 25 25 14 3 
6 4 9 6 25 1 9 25 11 6 14 1 15 13 16 15 8 4 14 23 21 16 8 27 22 22 6 13 27 16 4 6 16 11 23 4 14 16 16 21 6 14 
3 5 28 12 13 24 6 12 13 3 8 14 30 8 14 23 28 30 8 14 29 23 28 20 6 17 6 3 6 14 24 3 24 3 8 24 20 3 29 5 28 17 
25 10 18 15 2 4 26 4 8 3 22 24 25 8 24 3 2 4 9 22 9 29 9 20 14 1 26 29 4 14 29 18 8 3 8 15 1 20 29 9 3 10 
19 30 8 30 1 10 11 22 3 19 2 29 11 11 16 11 22 15 29 15 6 10 30 15 10 2 9 15 1 3 30 10 19 1 16 1 8 9 19 30 6 30 
10 6 21 19 7 9 7 29 7 10 6 19 6 15 3 9 6 6 25 5 1 15 21 7 6 29 21 21 6 1 7 6 15 3 12 15 29 5 7 29 25 12 
6 8 12 6 28 13 18 12 8 8 1 28 12 4 30 12 18 4 3 22 23 1 30 10 28 14 12 10 19 13 19 23 8 14 28 14 4 12 14 4 3 22 
14 11 26 24 15 8 8 21 24 3 8 20 21 28 16 1 21 6 8 20 3 1 28 26 20 26 30 22 11 20 26 22 6 30 15 8 20 14 8 20 16 21 
14 2 26 15 12 15 26 23 24 18 29 8 16 8 15 29 15 9 18 23 14 16 23 12 21 21 9 5 8 24 23 25 29 5 2 13 13 8 29 9 25 9 
28 5 21 1 30 1 9 26 28 1 7 9 8 9 26 28 8 6 14 13 13 9 14 26 7 26 29 21 10 27 30 2 29 5 13 6 13 27 10 1 2 28 
17 24 1 27 18 24 9 6 21 16 26 8 27 8 12 21 10 1 16 13 13 27 12 18 17 6 10 16 16 8 2 11 27 9 8 27 2 11 13 26 13 27 
12 6 27 17 8 20 13 8 25 6 20 7 17 17 12 24 25 1 22 7 16 12 25 16 21 16 25 12 20 24 25 20 17 1 21 25 24 27 13 24 16 22 
18 27 18 5 17 26 29 7 7 1 1 30 6 17 27 8 24 29 5 4 26 14 26 8 24 18 7 26 26 30 27 18 6 4 12 7 14 26 12 21 21 27 
11 21 21 4 26 13 17 4 13 29 18 6 6 20 4 13 8 6 1 20 17 6 8 26 18 6 7 13 11 7 1 18 29 23 19 4 19 18 16 16 23 6 
29 19 17 19 3 7 13 22 27 27 22 13 10 23 25 7 16 19 7 20 25 16 1 3 9 1 20 16 7 19 16 17 9 26 29 23 5 10 1 5 26 1 
27 14 5 11 28 16 18 18 21 12 27 21 20 28 16 26 12 5 11 14 10 23 14 14 2 21 2 12 5 10 16 21 17 20 18 16 18 12 5 23 26 17 
15 3 10 9 2 21 28 8 25 20 22 4 28 29 29 29 11 28 9 20 3 11 21 27 10 3 4 2 15 28 9 28 28 29 19 3 9 25 8 27 22 19 
17 26 26 13 27 22 6 30 26 16 1 2 9 27 30 6 6 19 26 16 6 22 24 30 22 17 13 19 23 1 4 4 27 26 2 30 24 27 9 22 23 26 
17 8 3 16 3 7 18 13 6 30 7 13 22 30 17 7 7 30 26 11 16 7 1 17 16 2 17 26 22 21 18 8 16 1 15 7 6 2 15 21 11 30 
13 16 19 21 16 1 26 16 19 18 5 18 16 15 8 13 21 14 27 1 9 8 9 9 5 25 9 24 17 8 5 16 27 15 25 26 17 8 14 5 16 24 
17 18 3 9 18 28 2 10 7 13 13 3 16 18 9 2 18 19 23 17 28 3 19 16 23 23 7 23 12 3 11 18 7 18 3 10 7 12 3 18 11 18 
3 1 14 19 19 6 4 20 19 21 20 14 12 28 8 14 12 19 12 14 14 4 25 1 21 19 12 3 14 17 28 9 17 9 6 8 2 25 10 19 2 10 
17 8 19 30 20 23 12 24 8 8 19 7 24 30 15 13 13 8 12 16 24 8 12 23 17 1 12 1 24 8 16 15 7 23 24 5 5 23 20 27 24 27 
14 15 1 29 19 15 28 25 29 29 2 28 18 1 26 14 28 17 25 12 3 3 3 21 8 4 26 3 28 2 6 18 29 21 17 12 6 19 29 8 4 29 
17 8 1 3 4 8 8 19 20 3 9 20 23 8 8 12 8 9 17 9 8 1 19 3 4 21 8 4 5 11 23 12 5 8 24 21 11 9 24 3 4 8 
18 30 20 2 24 1 24 6 18 20 4 29 8 30 6 29 28 1 29 19 18 18 29 8 28 1 17 2 24 30 29 8 17 4 18 1 30 24 18 8 29 19 
8 12 9 1 7 7 9 16 7 23 16 17 20 7 1 30 4 2 30 6 28 2 12 24 30 4 1 17 23 13 30 6 28 25 25 13 6 24 6 20 8 1 
14 24 26 23 18 28 24 26 9 23 28 7 26 28 7 26 26 21 20 20 1 8 23 24 24 12 7 28 25 8 18 9 14 11 11 26 25 12 1 23 7 21 
26 13 26 15 11 2 6 3 6 24 10 12 11 10 17 15 15 11 13 2 1 11 15 21 26 3 2 6 17 24 12 21 6 1 1 2 26 19 19 9 9 1 
7 19 7 19 9 17 15 28 20 22 15 7 9 15 7 13 16 20 13 25 30 28 28 4 25 4 16 24 17 16 7 15 16 15 24 28 30 14 22 7 14 15 
30 8 19 19 30 1 5 8 30 30 1 9 16 12 29 9 17 9 5 17 8 19 29 27 18 1 30 19 16 1 25 18 25 30 12 9 8 27 25 12 25 12 
12 27 1 2 25 11 6 4 23 12 10 2 17 25 29 27 29 19 1 25 19 25 28 23 6 19 11 1 18 10 19 4 12 1 18 17 19 28 10 10 19 12 
23 30 3 22 17 3 17 19 25 3 11 18 14 17 3 22 18 5 20 20 20 3 25 22 3 3 13 23 14 11 13 3 5 20 19 17 3 30 22 20 3 20 
27 5 14 25 5 11 11 25 8 5 27 11 4 24 14 8 8 4 24 4 5 20 1 4 4 8 20 9 4 8 8 8 24 9 24 8 11 8 1 8 8 8 
21 9 18 29 29 2 19 29 16 6 2 27 14 16 22 14 29 7 19 24 29 27 24 21 19 22 29 21 6 1 29 1 24 24 4 21 18 4 19 29 7 9 
30 8 22 7 30 29 24 1 17 8 30 8 8 14 30 11 30 25 8 8 27 10 3 3 22 13 24 11 28 30 27 14 13 29 7 1 18 17 28 25 10 18 
22 1 1 1 28 24 8 18 11 22 12 26 4 17 12 21 19 21 18 11 1 24 19 26 5 24 17 13 1 13 10 4 28 24 22 5 10 14 8 22 1 14 
16 14 2 1 28 19 27 18 6 15 11 4 28 7 14 11 3 3 19 12 15 19 19 29 7 27 25 4 6 1 6 12 18 19 25 6 6 29 19 2 16 6 
22 29 3 24 11 2 16 12 19 29 20 30 27 12 16 7 27 24 29 29 2 7 20 2 22 29 19 29 3 11 16 18 6 29 16 29 30 15 18 15 2 6 
28 13 20 8 28 6 10 28 4 28 13 10 10 10 7 21 9 11 10 8 11 10 9 21 11 6 13 19 4 20 3 30 8 7 30 8 13 13 11 19 3 13 
27 22 1 27 20 14 3 7 1 7 19 2 15 20 4 9 14 3 20 20 4 9 2 9 22 23 4 30 19 22 2 4 30 2 15 28 22 22 23 22 9 28 
22 30 18 10 26 18 22 24 5 18 3 8 23 26 18 23 5 3 22 30 1 13 23 10 14 24 22 22 8 22 27 14 3 9 1 13 3 14 14 27 23 9 
4 22 24 2 22 20 7 19 17 2 9 2 20 14 24 20 26 21 2 14 19 20 21 9 26 24 24 26 2 2 3 3 17 21 4 4 4 7 2 21 26 2 
25 16 6 22 22 19 10 6 11 4 11 27 16 29 11 3 25 7 19 8 7 11 8 26 3 30 7 4 13 13 19 30 7 27 10 19 16 29 3 26 16 3 
19 27 17 22 12 19 20 30 18 18 2 3 16 23 15 23 26 27 20 14 29 29 22 22 3 10 29 21 29 17 30 10 21 16 14 2 13 13 22 12 26 15 
1 13 16 2 18 8 1 9 27 8 20 20 17 13 1 7 11 29 2 1 9 27 16 21 12 16 9 1 9 1 17 16 1 27 7 18 21 1 29 27 12 11 
19 20 4 25 29 7 24 18 15 4 26 3 19 22 19 18 19 8 15 24 18 4 21 22 26 8 19 25 29 4 18 8 24 24 20 8 22 7 21 3 19 22 
6 24 11 10 11 28 4 28 17 10 10 28 5 29 4 29 10 16 27 18 16 16 23 23 17 24 24 16 10 18 16 4 4 6 10 24 28 27 28 5 28 16 
27 8 3 16 3 11 11 1 15 5 23 25 27 21 15 11 1 5 21 8 15 23 28 10 1 10 15 12 14 5 20 11 15 28 25 14 5 20 12 15 1 16 
20 21 9 15 14 19 3 26 10 29 30 19 22 21 22 15 19 28 12 24 18 25 30 24 26 10 9 9 14 15 29 18 12 20 19 23 15 3 25 23 9 28 
14 20 30 30 14 15 13 3 27 29 1 20 12 20 20 15 11 27 4 7 13 25 25 15 16 22 16 14 14 29 27 22 15 3 12 10 27 10 11 1 7 4 
4 10 10 23 22 15 9 23 10 15 18 11 28 29 27 3 9 18 4 4 1 9 10 15 11 3 9 9 22 27 1 2 28 27 9 2 4 29 15 27 4 4 
17 8 28 6 16 12 2 10 15 13 8 3 23 15 2 1 17 15 23 12 6 15 12 13 10 5 15 21 15 3 12 28 5 8 1 23 16 23 8 15 21 15 
26 21 29 20 10 12 3 26 16 12 4 12 7 20 18 2 26 12 10 3 16 4 18 14 3 29 4 10 10 21 26 4 29 29 16 16 7 2 3 7 7 14 
7 17 30 2 26 25 20 9 2 7 7 4 24 20 2 24 19 26 30 26 26 30 9 7 22 11 2 22 11 6 30 6 4 19 18 17 25 5 5 18 14 14 
18 2 24 16 26 13 23 22 24 22 21 23 14 18 23 10 23 14 19 26 4 4 16 2 9 23 13 19 21 23 10 16 26 14 26 16 13 13 10 9 10 14 
27 24 20 29 28 30 17 4 28 1 30 24 6 27 20 27 24 20 20 19 29 13 24 24 27 13 27 1 20 27 17 9 24 18 6 9 4 28 19 18 20 28 
22 22 20 30 14 13 29 1 21 20 30 29 13 13 21 20 15 5 13 1 22 28 21 14 20 1 21 21 22 1 18 11 18 21 1 27 5 11 28 1 27 15 
3 20 14 24 5 5 22 3 5 25 1 7 17 19 20 30 19 3 25 11 4 19 3 1 17 11 19 22 5 30 11 1 5 1 29 14 24 4 29 7 5 11 
8 27 29 7 6 5 6 2 24 25 4 29 23 23 5 2 24 28 17 28 24 7 3 17 24 11 14 19 11 29 19 27 3 7 10 14 8 10 29 7 25 4 
1 28 6 6 14 22 13 20 28 28 14 24 28 8 2 20 8 28 13 28 29 2 29 28 13 28 13 20 7 9 25 7 24 24 26 22 26 1 20 25 24 9 
11 10 24 11 22 24 11 4 11 4 6 14 14 4 5 12 16 28 4 22 10 27 1 21 12 12 21 20 5 12 21 16 4 12 21 4 6 12 20 27 1 28 
7 8 12 2 8 3 25 14 12 8 7 13 22 5 17 25 5 2 14 15 8 7 8 14 15 22 28 14 16 16 5 7 4 25 4 3 13 28 8 17 5 25 
